1.065346 2
0.998815 1
1.288151 5
1.271869 2
1.058737 2
1.120176 3
1.082448 3
1.187257 3
0.880022 2
1.103809 2
1.213318 3
1.192822 5
1.296419 4
1.100734 5
1.243398 6
1.243398 5
1.250620 7
0.932691 2
1.063068 4
1.043388 3
1.128925 3
1.197108 5
1.301261 3
1.140127 3
1.299457 6
1.162308 3
1.050307 1
1.211409 3
1.019225 3
1.035340 3
1.146079 3
1.006837 3
1.432151 5
1.311675 5
1.239232 5
1.185413 4
1.263349 4
0.889558 3
1.232991 3
0.996368 2
0.931403 3
1.449485 5
1.556362 8
1.398734 8
1.289473 3
1.411955 5
1.014642 4
1.031651 3
1.268957 5
1.148579 5
1.462295 5
0.913759 1
1.293691 4
1.037858 1
1.093304 2
1.067502 2
1.152846 3
1.419551 5
1.382440 5
1.214037 3
1.143785 4
1.416333 5
1.136743 5
1.212515 6
1.419923 4
1.324291 3
1.267723 4
0.000000 4
1.515147 4
1.224886 3
1.557405 5
0.910904 5
1.076392 1
0.875932 2
0.889966 1
1.259036 2
1.167310 3
1.188600 2
1.208203 2
1.237340 4
1.158952 4
1.023341 5
1.003062 2
1.213062 2
1.027368 2
1.133891 5
1.122659 4
0.000000 5
1.187020 1
1.574641 5
1.302748 4
1.451043 3
1.037663 4
1.409373 4
1.408438 4
1.431186 5
1.446875 4
1.474191 4
1.521284 5
1.246559 6
1.230277 6
1.282427 3
1.223245 3
1.258589 3
0.000000 4
1.251632 2
1.054532 1
1.318176 5
1.344740 5
1.038820 1
1.027051 2
0.954445 1
1.014556 2
1.271446 4
1.280101 4
1.443480 5
1.217368 5
1.366895 5
1.253663 4
1.279796 6
1.039418 5
1.366896 5
1.454963 5
1.245912 3
0.000000 7
1.173042 7
0.000000 7
0.000000 5
0.943081 7
1.311448 3
1.377300 5
1.498330 5
1.457316 5
1.352044 4
1.301715 5
1.408045 4
1.304037 7
1.124870 1
1.186974 2
0.932854 2
1.079541 1
0.998045 2
1.292513 1
1.132235 1
1.110302 2
0.948762 3
1.315646 3
1.234177 3
1.325712 2
1.143686 3
0.998503 3
1.106235 3
1.066863 5
1.223751 5
1.343605 5
1.553140 7
1.344782 5
0.000000 7
1.358157 7
1.388531 7
0.000000 5
1.557571 4
1.113306 2
1.433499 8
1.325707 7
1.068250 9
1.154484 8
1.365932 6
1.347837 6
1.319647 5
1.085290 2
0.919739 4
1.317079 8
1.392556 5
1.438722 5
1.024950 4
1.231059 6
0.918606 2
1.167980 5
1.456186 4
1.503661 7
0.000000 7
0.000000 8
1.138950 7
1.399200 5
1.401275 4
1.376875 4
1.581859 6
1.609322 6
0.955602 2
1.024037 3
1.052608 4
1.074277 4
1.419641 5
1.258723 6
1.213941 5
1.213685 4
0.920362 3
1.136558 4
1.276377 4
1.558984 1
