6.047260 4
7.392010 5
6.650291 5
6.797531 5
6.440588 3
7.933257 7
5.718122 3
6.058336 6
9.583907 4
6.375126 5
6.761293 4
6.510381 2
6.529449 1
5.935661 2
6.122667 1
6.991087 5
5.675451 1
5.914801 2
0.000000 4
6.185426 3
6.420151 3
7.404817 5
5.506225 4
5.811106 4
5.199485 4
6.638701 1
6.076594 4
9.021610 5
6.214983 2
9.508364 2
7.257620 2
5.758492 5
6.519216 4
6.082638 4
6.597312 2
7.385194 2
6.552776 3
5.918940 2
6.874303 1
5.866259 2
5.881854 1
5.628857 3
6.322729 4
0.000000 4
8.846886 6
5.861653 5
5.808519 5
5.737716 4
5.835371 3
5.497068 5
5.985352 5
5.963216 3
6.294111 2
6.296169 2
6.160308 1
6.073575 4
5.790009 1
7.713684 5
7.757224 3
6.724360 4
6.650291 5
5.629936 3
6.727729 8
6.814986 8
5.884116 5
5.788024 3
6.043111 2
6.883067 3
6.208933 3
5.890332 4
5.881255 4
6.092056 5
6.377181 5
7.312637 3
8.808512 3
6.610888 3
6.877664 3
6.824759 3
6.040565 1
0.000000 6
6.308488 3
6.195959 3
6.486012 5
5.887145 3
5.858941 3
6.489776 4
6.592337 2
6.405768 7
6.022481 6
6.022481 5
7.469446 5
5.942065 3
6.260436 2
6.606633 2
6.753715 3
5.988459 3
6.716233 2
5.730044 2
6.410868 1
5.723580 2
