1.167478 4
1.211001 5
1.235029 5
1.092503 5
0.994059 3
0.986789 7
1.084666 3
1.010758 6
1.013493 4
0.946830 5
1.143858 4
0.939198 2
0.772945 1
0.808696 2
0.826267 1
0.968698 5
0.800545 1
1.091475 2
0.000000 4
1.026543 3
0.980012 3
1.151441 5
1.147623 4
0.992078 4
1.261186 4
0.906253 1
0.981659 4
1.060472 5
0.865415 2
0.978033 2
0.972762 2
1.006574 5
0.818111 4
0.977264 4
0.946574 2
0.945667 2
1.099398 3
0.786267 2
0.797859 1
0.779126 2
0.763185 1
1.037886 3
1.121273 4
0.000000 4
1.105171 6
1.108332 5
1.103852 5
1.065302 4
1.008537 3
1.173707 5
1.121538 5
0.840292 3
0.686344 2
0.644771 2
0.765483 1
1.142598 4
0.660455 1
1.236115 5
0.951722 3
1.013436 4
1.256029 5
1.147994 3
1.190703 8
1.214090 8
1.044902 5
0.769302 3
0.769311 2
0.903006 3
0.810893 3
1.185344 4
1.097215 4
1.149732 5
1.128932 5
0.880587 3
0.886543 3
0.854657 3
0.883879 3
0.836230 3
0.732057 1
0.000000 6
0.792590 3
0.819633 3
0.865944 5
0.871559 3
0.771722 3
0.995978 4
0.951234 2
0.838814 7
0.867748 6
0.867748 5
0.989041 5
0.820642 3
0.855044 2
0.936902 2
0.890907 3
0.873951 3
0.974623 2
0.874058 2
0.823715 1
0.774048 2
