9.001899 2
10.950398 5
11.372826 6
14.213742 8
10.933182 9
12.433457 7
12.845448 8
14.443328 7
12.233174 5
13.140500 5
12.790913 3
10.772614 3
9.984451 3
11.425514 2
10.368201 3
10.015337 3
11.010678 3
11.508649 2
10.500316 1
9.259064 1
9.443717 2
9.963604 1
8.781953 2
12.104233 4
10.218670 5
12.560035 5
9.627163 3
9.797254 3
11.678343 6
11.133135 4
10.863416 5
12.063398 4
10.594141 2
8.905784 1
10.712897 2
10.058274 1
12.860547 1
10.513794 3
11.308022 3
11.115131 5
10.864094 4
12.982064 4
11.875881 2
12.289629 2
8.957171 5
11.332909 4
10.703791 4
9.996251 2
13.116237 2
10.197839 1
9.415336 2
10.851666 1
0.000000 4
11.101166 6
11.708153 4
12.981432 5
11.871611 5
12.632996 3
11.980601 2
11.761156 2
10.203797 1
10.516106 4
8.842921 1
11.249617 3
12.996072 4
11.708399 5
9.520665 3
12.000498 8
11.901081 8
12.079185 5
9.439199 3
10.563926 2
10.358616 3
10.777954 3
10.997687 4
10.941364 4
13.199730 5
12.937936 5
11.787835 3
13.250909 3
12.660937 3
14.690275 3
10.275252 3
10.020279 1
13.338958 6
9.566849 3
10.138139 5
11.060928 3
12.099994 3
10.855716 4
11.144484 2
13.518844 7
10.114917 5
9.656144 3
10.021139 2
12.694154 3
8.965318 2
8.440591 2
8.857970 1
11.718527 2
