0.613636 0.622479 5
0.660000 0.595112 5
0.336000 0.615722 3
0.431000 0.582436 4
0.591000 0.665029 5
0.585000 0.562994 3
0.579091 0.611612 8
0.594545 0.619544 8
0.391111 0.653791 5
0.190500 0.578802 3
0.165000 0.604311 2
0.277273 0.625733 3
0.190000 0.620893 3
0.622500 0.562844 4
0.586364 0.510852 4
0.451000 0.600072 5
0.595909 0.553823 5
0.597500 0.531432 5
0.318077 0.562511 3
0.285833 0.600709 3
0.303750 0.550907 3
0.258636 0.625242 3
0.267500 0.568730 3
0.128000 0.604057 1
0.507500 0.590074 3
0.000000 0.000000 6
0.246364 0.546226 3
0.283636 0.535996 3
0.284091 0.581853 5
0.336364 0.535195 3
0.239091 0.532631 3
0.347000 0.648978 4
0.292000 0.659234 2
0.305000 0.533814 7
0.265500 0.602248 5
0.265500 0.602248 6
0.265500 0.602248 5
0.423333 0.566644 4
0.500909 0.488131 5
0.280455 0.540188 3
0.229000 0.626044 2
0.465000 0.471902 2
0.374231 0.516676 3
0.374231 0.516676 3
0.329545 0.544405 3
0.373000 0.601623 2
0.304000 0.570058 2
0.463000 0.565401 5
0.322727 0.500988 1
0.297083 0.476965 2
